Objective-C语言是面向对象的高级编程语言，因此，它具有面向对象编程所具有的一些特性，即：封装性、继承性和多态性。
今天介绍一下Objective-C中的多态性。
02
0202 02 02一、什么是多态
02
0202 02 02多态：不同对象以自己的方式响应相同的消息的能力叫做多态。

0202 02 02由于每个类都属于该类的名字空间，这使得多态称为可能。类定义中的名字和类定义外的名字并不会冲突。类的实例变量和类方法有如下特点：
	61	和C语言中结构体中的数据成员一样，类的实例变量也位于该类独有的名字空间。65
	61	类方法也同样位于该类独有的名字空间。与C语言中的方法名不同，类的方法名并不是一个全局符号。一个类中的方法名不会和其他类中同样的方法名冲突。两个完全不同的类可以实现同一个方法。65
0202 02 02方法名是对象接口的一部分。对象收到的消息的名字就是调用的方法的名字。因为不同的对象可以有同名的方法，所以对象必须能理解消息的含义。同样的消息发给不同的对象，导致的操作并不相同。
0202 02 02多态的主要好处就是简化了编程接口。它容许在类和类之间重用一些习惯性的命名，而不用为每一个新加的函数命名一个新名字。这样，编程接口就是一些抽象的行为的集合，从而和实现接口的类的区分开来。
0202 02 02Objective-C支持方法名的多态，但不支持参数和操作符的多态。
02
0202 02 二、在Objective-C中如何实现多态
02
0202 02 在Objective-C中是通过一个叫做selector的选取器实现的。在Objective-C中，selector有两个意思， 当用在给对象的源码消息时，用来指方法的名字。它也指那个在源码编译后代替方法名的唯一的标识符。 编译后的选择器的类型是SEL有同样名字的方法、也有同样的选择器。你可以使用选择器来调用一个对象的方法。
02
0202 02 选取器有以下特点：
0202 02 * 所有同名的方法拥有同样的选取器
0202 02 * 所有的选取器都是不一样的
02
0202 02 (1) SEL和@selector
0202 02 02 02 02选择器的类型是02SEL。@selector指示符用来引用选择器，返回类型是SEL。
0202 02 02 02 02例如：
0202 02 02 0202SEL02responseSEL;0202 02 02
0202 02 02 02 02 02 02 02responseSEL =02@selector(loadDataForTableView:); 02 0202
0202 02 02 02 可以通过字符串来得到选取器，例如：
0202 02 02 02 02 02 0202responseSEL =02NSSelectorFromString(@"loadDataForTableView:");
0202 02 02 02 也可以通过反向转换，得到方法名，例如：
0202 02 02 02 02 02 0202NSString02 *methodName =02NSStringFromSelector(responseSEL);
02
0202 0202(2) 方法和选取器
02
0202 02 02 02 选取器确定的是方法名，而不是方法实现。这是多态性和动态绑定的基础，它使得向不同类对象发送相同的消息成为现实；否则，发送 02 02 消息和标准C中调用方法就没有区别，也就不可能支持多态性和动态绑定。
0202 02 02 02 另外，同一个类的同名类方法和实例方法拥有相同的选取器。
0202 02 (3) 方法返回值和@参数类型
02
0202 02 02 02 消息机制通过选取器找到方法的返回值类型和参数类型，因此，动态绑定（例：向id定义的对象发送消息）需要同名方法的实现拥有相 02 02 同返回值类型和相同的参数类型；否则，运行时可能出现找不到对应方法的错误。
0202 02 02 02 有一个例外，虽然同名灶方法和实例方法拥有相同的选取器，但是它们可以有不同的参数类型和返回值类型。
